4.586282392221071E-017 
2.727235355838062E-005 
1.277897073960026E-005 
9.633964368994626E-006 
3.970533875987861E-006 
9.053852282113063E-006 
8.140073924248410E-008 
1.501297151113772E-005 
2.660054870795655E-005 
4.089418720660884E-005 
1.225861703968335E-006 
1.245426252016312E-005 
6.002045297799151E-005 
4.106532930198985E-005 
4.334322921645514E-005 
1.433757588125658E-005 
4.348336193753371E-005 
2.018227053699678E-005 
2.617447255939769E-005 
1.258156406091138E-005 
4.315108665041472E-005 
